0.05,1007,1009,2.4643678131,0.372650600791
0.05,1007,1186,1.90926263504,0.54983927742
0.05,1007,814,1.98381456468,0.349358403057
0.05,1009,1007,2.57336781203,0.427271337806
0.05,1009,1122,2.10197716826,0.615117549605
0.05,1009,1124,1.84380145348,0.396801139239
0.05,1009,982,2.70420346237,0.399950217488
0.05,1010,827,1.96954697874,0.641515140266
0.05,1013,1211,1.98536272654,0.383282100264
0.05,1013,792,2.46996898193,0.640095715641
0.05,1015,1056,2.64720728594,0.487180437613
0.05,1016,1150,2.21221767519,0.391390128195
0.05,1016,895,2.14991134839,0.421492666181
0.05,1016,920,2.20632180813,0.160359793683
0.05,101,231,3.40821411738,0.428968538927
0.05,101,307,2.22027323598,0.473227140406
0.05,101,923,2.77884030068,0.594218467115
0.05,1020,1145,1.1249773363,0.583494055647
0.05,1020,1170,1.40867780664,0.477638840485
0.05,1020,806,1.48087581734,0.683857704541
0.05,1026,828,-0.697926056569,0.294610062966
0.05,1027,842,0.941612799794,0.785654349622
0.05,1027,887,3.05949988956,0.781871979804
0.05,1028,1145,1.52755195749,0.389285171764
0.05,1028,772,1.55097398759,0.385723750126
0.05,1028,818,1.47321955673,0.60729532552
0.05,1030,1046,1.79597152069,0.55088068473
0.05,1030,1203,1.17253996176,0.520029189969
0.05,1030,1215,1.65309823887,0.426707937945
0.05,1030,860,1.49067389718,0.389175308882
0.05,1031,1049,2.39694850733,0.644047815561
0.05,1031,1232,2.67328766191,0.856347249562
0.05,1031,824,2.46375232977,0.632258666639
0.05,1032,1068,2.0012272096,0.483381877465
0.05,1032,796,2.01131469479,0.477787342304
0.05,1032,838,1.76149922066,0.401702032532
0.05,1036,1151,2.43679858719,0.687390733439
0.05,1036,987,2.53456907744,0.401153732478
0.05,1036,989,2.89156682489,0.655886407919
0.05,1041,827,2.69816488448,0.477822184303
0.05,1041,847,2.88032358229,0.847780923989
0.05,1044,1107,1.78850443985,0.524013339668
0.05,1044,778,1.95835662705,0.486726119549
0.05,1045,1218,2.02195210633,0.455154618429
0.05,1045,844,1.18894362885,0.429882154349
0.05,1045,869,2.34231503126,0.351855072823
0.05,1046,1030,1.64073902862,0.529647779617
0.05,1046,1069,1.81525195871,0.561095022481
0.05,1046,1111,1.6892081527,0.406330273635
0.05,1046,869,1.15546710892,0.489273898282
0.05,1049,1031,2.36716166748,0.557429242686
0.05,1049,1231,1.95673400225,0.571464155594
0.05,1056,1015,2.48500018664,0.448132313148
0.05,1056,1179,2.00026649489,0.699659637357
0.05,1056,942,1.89329107311,0.655163613016
0.05,1059,1125,1.00984197279,0.419642702708
0.05,1059,1213,-0.201807580046,0.623465315244
0.05,105,157,1.91389645206,0.361584621372
0.05,105,249,2.65835582822,0.440322706402
0.05,105,34,2.1500241878,0.66738785522
0.05,1061,1062,2.2063413118,0.663598485772
0.05,1061,1185,2.07434604823,0.504394791088
0.05,1061,937,2.7615072941,0.340681359826
0.05,1062,1061,2.21240927323,0.478097155877
0.05,1062,1150,1.34451478117,0.386617984255
0.05,1062,974,1.25956912212,0.423982784869
0.05,1066,1170,1.07038219652,0.485881052597
0.05,1066,1213,1.21732893905,0.62007421633
0.05,1066,923,2.18958406521,0.55325523775
0.05,1068,1032,1.83121197307,0.428698696118
0.05,1068,834,1.18685514617,0.548796243746
0.05,1068,883,1.13047636387,0.425218834809
0.05,1069,1046,1.59443368259,0.617097038924
0.05,1069,860,1.66332182865,0.447897116768
0.05,1069,970,1.91102649027,0.495970151133
0.05,1072,1137,2.72149511346,0.336746492722
0.05,1072,271,2.22852491278,0.478744933127
0.05,1073,1151,2.83891569303,0.711141580156
0.05,1073,1185,2.00611899027,0.436412020006
0.05,1073,987,2.35828397705,0.42242083774
0.05,1075,1099,1.15681944647,1.17097905687
0.05,1075,1157,0.16922905332,0.914738356389
0.05,1075,1159,2.20404351907,0.223144421123
0.05,107,131,1.8187448863,0.495045137681
0.05,107,27,3.33667428639,0.422344104116
0.05,107,46,2.24050463859,0.581136695612
0.05,1082,1127,-1.64297142219,0.699124943359
0.05,1082,796,1.47170150235,0.727281403649
0.05,1082,838,2.47018532316,0.41628594925
0.05,1082,900,1.93954071608,0.422773105836
0.05,1099,1157,-0.830382429735,0.802652649923
0.05,1101,900,2.66414390518,0.318043043118
0.05,1101,996,3.44482924957,0.987039044255
0.05,1104,1145,2.53891210976,0.335658373011
0.05,1104,12,1.97282502554,0.429758888661
0.05,1104,1209,2.07694368403,0.575395097505
0.05,1104,121,2.07780661436,0.604995040925
0.05,1104,1209,2.06195193217,0.599890211747
0.05,1104,121,2.01365230759,0.571228880634
0.05,1107,1044,2.04245925878,0.582022950142
0.05,1107,791,1.81623553107,0.7222547961
0.05,1107,852,2.0285051626,0.663191875141
0.05,1111,1046,1.5576454868,0.533250267564
0.05,1111,1215,1.59869673255,0.361614252183
0.05,1111,844,1.73974492523,0.51075330837
0.05,1113,1160,1.73993065907,0.484870731861
0.05,1113,906,2.29725290524,1.03311860377
0.05,1114,809,2.32127393101,0.39229874935
0.05,1114,993,2.65706483805,0.321103653347
0.05,1115,263,2.36497463712,0.457640890638
0.05,1115,842,2.44216884014,0.613509147718
0.05,1115,989,3.26935009311,0.34333408835
0.05,1122,1009,2.1564201672,0.342997589359
0.05,1122,1186,2.40275591613,0.332737652895
0.05,1122,804,2.69924290718,0.270002548666
0.05,1124,1009,1.91843407567,0.397176002988
0.05,1124,1135,2.7286724663,0.386365173979
0.05,1124,1191,1.89851313143,0.357896010254
0.05,1125,1059,1.24349501181,0.797568433996
0.05,1125,927,1.31404635841,0.57043701973
0.05,1127,1082,-1.63690268377,0.649315269723
0.05,1127,967,1.38304474657,0.466760380085
0.05,1127,988,1.21827804157,0.572181984512
0.05,1128,833,1.85462532794,0.452406966282
0.05,1128,883,2.11200214038,0.405246306473
0.05,1128,903,1.72878188766,0.448124710598
0.05,1133,1177,2.55712939938,0.805261308271
0.05,1133,1182,-1.04022045778,0.614122412628
0.05,1133,960,1.80736183718,0.321078464079
0.05,1135,1124,2.79062778871,0.376344829697
0.05,1135,927,1.5733878989,0.45827918592
0.05,1135,955,1.31558927832,0.361412245245
0.05,1135,982,2.20718732357,0.409700895594
0.05,1137,1072,2.81264633322,0.443031831899
0.05,1137,1303,2.68584487887,0.476988302455
0.05,1137,25,2.85526629787,0.42798610949
0.05,1137,871,2.41108467846,0.756750683174
0.05,1139,1160,3.05719389835,0.373258011083
0.05,1139,909,2.03632456983,0.44464944725
0.05,1141,1164,2.05298458194,0.595405911727
0.05,1141,821,1.64099351864,0.527505398401
0.05,1141,918,2.31810113252,1.0812352643
0.05,1145,1020,1.0836905514,0.469910177953
0.05,1145,1028,1.48177608248,0.405764084254
0.05,1145,1104,2.51679558207,0.388190964768
0.05,1145,1207,1.03453848991,0.318463344085
0.05,114,285,1.5786289748,0.596504420422
0.05,114,322,1.6905870469,0.45578945005
0.05,114,69,1.7354024762,0.414829565712
0.05,1150,1016,2.29834096116,0.564164428709
0.05,1150,1062,1.32573469279,0.400010595902
0.05,1151,1036,2.48783938325,0.619063055213
0.05,1151,1073,3.27152845635,1.06483744558
0.05,1151,1232,2.62795213226,0.661955033426
0.05,1154,1010,2.17475767973,0.333294065171
0.05,1154,838,1.89834878739,0.269081181368
0.05,1154,873,2.69383786736,0.605886413993
0.05,1154,967,2.36945927217,0.399795689482
0.05,1157,1075,-0.0184245948212,0.84401534624
0.05,1157,1099,-1.18601920352,0.739690922453
0.05,1157,809,2.54595772845,0.501260141086
0.05,1157,901,2.06697843303,0.681399474
0.05,1158,233,2.05439536367,0.342367541347
0.05,1158,371,1.69805075805,0.379135272405
0.05,1159,1075,2.78950656723,1.01298925305
0.05,1159,763,-1.78304495748,0.233079349749
0.05,115,149,1.87846684706,0.548420877552
0.05,115,240,1.48771492811,0.463079617858
0.05,115,448,1.55809006365,0.782398879958
0.05,1160,1113,1.75179819785,0.435200543106
0.05,1160,1139,2.86654311732,0.353577017842
0.05,1160,847,1.95684820598,0.405640905813
0.05,1162,1211,1.94303132193,0.314644023823
0.05,1162,792,2.04547787524,0.411723692294
0.05,1162,994,2.18157172389,0.383639078694
0.05,1164,1141,1.82247740876,0.832512206586
0.05,1164,822,2.30499606256,1.18648188811
0.05,1170,1020,1.50266316546,0.476160942003
0.05,1170,1066,1.06782917163,0.519457459742
0.05,1170,915,2.04346873327,0.381205553856
0.05,1170,959,1.2761260192,0.535555012023
0.05,1177,1133,3.19904154147,1.01510799141
0.05,1177,969,2.94510815395,0.706056058433
0.05,1177,997,2.35431126259,0.878206099879
0.05,1179,1056,2.00202938646,0.821594198488
0.05,117,219,2.19104209552,0.441401954123
0.05,117,333,1.23168367813,0.489640265991
0.05,117,97,2.84572832555,0.283618537844
0.05,1182,1133,-1.19439284941,0.851047151494
0.05,1182,822,1.96997634063,0.415091948897
0.05,1185,1061,2.00169890016,0.417188415621
0.05,1185,1073,1.99471341477,0.439428217833
0.05,1185,777,2.25719869003,0.536212176791
0.05,1186,1007,1.62647900025,0.357664761321
0.05,1186,1122,2.70396969479,0.463085193911
0.05,1186,792,2.17519546709,0.398463418042
0.05,1187,1164,3.10791635926,1.29161540135
0.05,1189,887,1.42169944692,0.612285578218
0.05,1189,987,2.45990081156,0.708425685235
0.05,1191,1124,2.00935523903,0.399176411627
0.05,1191,1218,1.59371011757,0.365683596834
0.05,1191,867,1.96160399546,0.437282145146
0.05,1191,973,1.95723783525,0.305396178577
0.05,1203,1030,1.1005724885,0.62934384792
0.05,1203,772,1.43224077514,0.466590209821
0.05,1203,790,1.75400086129,0.491856839673
0.05,1203,818,1.78800990268,0.472274278335
0.05,1207,1145,1.20889106556,0.532024361471
0.05,1207,799,0.908080007135,0.5312028266
0.05,1207,806,1.38941528775,0.588776322549
0.05,1207,818,1.6113118168,0.462632178824
0.05,1209,1104,1.97488103525,0.441939931192
0.05,1209,1222,2.22884440421,0.403898001566
0.05,1209,324,1.99186008575,0.515721079076
0.05,120,62,1.80565007709,0.47236786398
0.05,120,89,1.57578630598,0.421060650219
0.05,1211,1013,1.99333769315,0.458124473479
0.05,1211,1162,2.15861185575,0.388528270822
0.05,1213,1059,-0.356836915607,0.571202628786
0.05,1213,1066,1.21257853023,0.624026008018
0.05,1213,888,2.16764689437,0.405977056996
0.05,1213,959,1.43586589255,0.594976671329
0.05,1215,1030,1.51845154725,0.401826241014
0.05,1215,1111,1.62574106951,0.377369801553
0.05,1215,799,1.62345463089,0.393649956542
0.05,1215,818,1.04489876903,0.395908783552
0.05,1218,1045,2.03237889098,0.452281180626
0.05,1218,1191,1.67747537122,0.42010273579
0.05,1218,986,1.95588340629,0.43108239952
0.05,121,1104,2.08167525129,0.554822931925
0.05,121,307,2.03556224726,0.487472940971
0.05,121,915,1.9808521474,0.627886921844
0.05,1222,1209,2.34128103769,0.440927707093
0.05,1222,233,1.79071400466,0.483930998799
0.05,1222,886,2.19636453083,0.389697227251
0.05,1229,895,1.9108073948,0.622499831809
0.05,1229,987,2.79550855418,0.396658922761
0.05,1230,989,2.05387992465,0.386677057712
0.05,1231,1026,1.50350963249,0.29971659784
0.05,1231,1049,2.05082567879,0.72935307667
0.05,1232,1031,2.36461843288,0.650588322192
0.05,1232,1151,2.74287287721,0.616320916191
0.05,1232,901,2.4759401773,0.646814042041
0.05,1233,819,1.83592481836,0.556893330127
0.05,1233,820,1.71685744757,0.481589438816
0.05,1233,886,1.53387283657,0.58388554613
0.05,1234,1367,2.25873895203,0.558957745693
0.05,1234,1373,2.28945806871,0.596101040326
0.05,1235,1247,2.75155018876,0.221363242918
0.05,1235,1288,2.93449881231,0.405737576953
0.05,1235,1325,3.18965034528,0.825071965497
0.05,1236,1267,2.02318792387,0.419616506046
0.05,1236,1287,2.26840517186,0.693368827525
0.05,1237,1246,2.63158207271,0.397434313727
0.05,1237,1386,1.99256323909,0.438630939112
0.05,1239,1341,2.67328991373,0.326454076999
0.05,1239,1343,1.82912645151,0.35138364637
0.05,1239,1385,2.63341093536,0.303961913687
0.05,123,238,1.65416340404,0.412974951806
0.05,123,257,2.36572714994,0.360659441613
0.05,123,436,1.95698324715,0.329377363964
0.05,1240,1310,1.84651896588,0.349811200377
0.05,1240,1344,1.68490020428,0.376070549686
0.05,1240,1377,2.14982004491,0.435804834387
0.05,1243,1267,1.55255037554,0.356850033265
0.05,1244,1274,1.97055446189,0.276730286038
0.05,1245,1280,1.70669065056,0.212861390359
0.05,1245,1291,2.56465497416,0.336396573924
0.05,1245,1348,2.4954781676,0.221596272894
0.05,1245,1365,1.61594607825,0.414713504146
0.05,1246,1237,2.69873969849,0.444705392625
0.05,1246,1372,1.929551382,0.342713611781
0.05,1247,1235,2.82676349585,0.217692486975
0.05,1247,1261,2.20171104076,0.468916931307
0.05,1247,1332,2.8923263862,0.206735166838
0.05,1247,1401,2.93100446125,0.596834405233
0.05,1249,1269,1.88615009179,0.551832995346
0.05,1249,1314,2.66816898727,0.343233328657
0.05,1249,1346,1.95216561653,0.578950158782
0.05,1249,1386,2.6620420743,0.23876387003
0.05,1250,1261,1.9405404356,0.415728245097
0.05,1250,1286,1.48898451575,0.571969210202
0.05,1250,1371,1.99912914948,0.338253857891
0.05,1251,1269,1.60703326086,0.34145738394
0.05,1251,1346,1.55000720511,0.4024119168
0.05,1253,1287,1.39706421003,0.370539724785
0.05,1253,1379,1.20542771338,0.320630851803
0.05,1254,1357,1.99506707043,0.581398146512
0.05,1254,1383,2.44811463253,0.831833503365
0.05,1254,1387,1.51359851699,0.442510576494
0.05,1255,1346,1.8855102304,0.292043835254
0.05,1257,1300,2.83933054914,0.592803149621
0.05,1257,1314,1.74158597394,0.417364055461
0.05,1257,1334,2.01536974391,0.562678882734
0.05,1257,1355,1.659222996,0.508315983968
0.05,1260,1275,2.64448911551,0.288537088856
0.05,1260,1293,2.8376328516,0.321567544993
0.05,1260,1400,2.58432073361,0.249557459258
0.05,1261,1247,2.23095498962,0.558997399903
0.05,1261,1250,1.82461943216,0.51350001221
0.05,1261,1278,3.00572804092,0.454485948625
0.05,1261,1371,2.08152794436,0.337935450905
0.05,1262,1293,2.4306658652,0.332033152284
0.05,1263,1255,2.42196127086,0.402988257875
0.05,1263,1398,1.87741601844,0.445853083234
0.05,1264,1330,2.54785751458,0.411164177715
0.05,1264,1344,2.00626068146,0.436181693932
0.05,1264,1382,2.33130848182,0.401441599984
0.05,1264,1402,1.54955331472,0.467319247792
0.05,1265,1269,2.31798569528,0.572714217601
0.05,1265,1294,2.54917037193,0.261588102528
0.05,1265,1394,2.42056644772,0.399700996173
0.05,1265,1398,3.02122636405,0.237904686635
0.05,1266,1281,1.88761429977,0.368069812805
0.05,1266,1361,1.86100651596,0.167584701328
0.05,1267,1236,2.02466089741,0.316478033108
0.05,1268,1336,1.33383389193,0.586209842426
0.05,1268,1344,1.65765586707,0.390382189584
0.05,1268,1388,0.606319995501,0.420018777825
0.05,1269,1249,1.70103806379,0.3049657937
0.05,1269,1251,1.80692885735,0.409715082413
0.05,1269,1265,2.32489035167,0.527074953543
0.05,1269,1335,2.5305779825,0.426993190299
0.05,1270,1266,2.29804822941,0.389349119677
0.05,1270,1351,1.82996496818,0.545315517856
0.05,1273,1314,1.47129813196,0.441582087736
0.05,1274,1244,1.9332525681,0.415965319727
0.05,1274,1293,2.86424808182,0.278801415976
0.05,1275,1260,2.44613356905,0.336646374416
0.05,1275,1321,2.69388334463,0.261962379396
0.05,1276,1323,2.78738035046,0.39938480579
0.05,1277,1283,2.19879675589,0.533687571867
0.05,1277,1323,1.84261728085,0.258569274178
0.05,1277,1390,2.51267263767,0.276011427323
0.05,1278,1261,2.90499454245,0.618513243246
0.05,1278,1332,2.43862066887,0.413083447055
0.05,1279,1294,2.0443417776,0.38302177652
0.05,1279,1334,1.88189196941,0.420142193502
0.05,1279,1367,2.55515913782,0.328582480487
0.05,1279,1381,2.46932206307,0.365343959911
0.05,1280,1245,1.55763607133,0.256221811458
0.05,1280,1297,1.80266353675,0.287497077808
0.05,1281,1266,1.7697420202,0.207044064455
0.05,1282,1333,2.58098154919,0.49361874735
0.05,1282,1362,1.93247857747,0.492731551338
0.05,1282,1389,1.81230174207,0.50347852612
0.05,1282,1395,2.29108677877,0.43684822258
0.05,1283,1277,2.03208532858,0.249422935201
0.05,1283,1305,1.83305752424,0.315256204496
0.05,1284,1303,2.17461988142,0.537532339617
0.05,1284,1382,1.88672428859,0.497527337918
0.05,1284,1402,2.41403326947,0.495427968109
0.05,1284,871,2.71524053627,0.526585174164
0.05,1285,1252,2.75645782441,0.286446534786
0.05,1285,1348,1.74073377799,0.276390949264
0.05,1286,1250,1.61242092828,0.664442212868
0.05,1286,1292,2.86071124578,0.505492634367
0.05,1286,1353,3.21406217544,0.456333661461
0.05,1286,1367,2.49419297315,0.40922437453
0.05,1287,1236,1.99332726922,0.207127055697
0.05,1287,1253,1.44856124547,0.296639312017
0.05,1287,1357,2.31773230359,0.274779832954
0.05,1288,1235,3.031828812,0.452540305325
0.05,1288,1401,3.19000743097,0.538101363806
0.05,1289,269,3.71036215088,0.837267247481
0.05,128,172,2.77662000705,0.886143990473
0.05,128,268,2.70099428647,0.757089081681
0.05,128,463,2.42820310819,0.405854899829
0.05,1290,1349,2.43296543219,0.393919257241
0.05,1290,1369,2.08557273069,0.474150450497
0.05,1290,1372,2.33899773115,0.334518747412
0.05,1291,1245,2.46297623339,0.334177091036
0.05,1291,1360,1.54901770773,0.354642301161
0.05,1292,1286,2.81223641334,0.727350121244
0.05,1292,1325,2.4652793717,0.624975173805
0.05,1292,1373,2.49787631599,0.412073713315
0.05,1293,1260,2.74322583861,0.167884609063
0.05,1293,1262,2.66130751694,0.438198955084
0.05,1293,347,2.58338943518,0.432709399164
0.05,1294,1265,2.41270361838,0.271257724501
0.05,1294,1279,2.12382404016,0.407342649824
0.05,1294,1335,2.36277878705,0.473135235431
0.05,1294,1354,2.32024342101,0.391481786509
0.05,1295,1333,2.29401132342,0.400497256118
0.05,1295,1386,1.83570500769,0.400656672718
0.05,1295,1395,2.6584277999,0.829335062992
0.05,1296,1383,2.64480401018,0.506756997662
0.05,1297,1280,1.76563522514,0.377817327261
0.05,1297,1351,1.57391380594,0.262870386857
0.05,1297,1353,3.1564777694,0.903957647902
0.05,1298,1332,2.70130846423,0.413005185671
0.05,12,1104,2.10528431029,0.543924170707
0.05,12,307,2.09205481248,0.605345703651
0.05,12,324,1.89290435233,0.423330793569
0.05,1300,1257,2.65180438051,0.333800997825
0.05,1300,1328,2.89782850512,0.35805585625
0.05,1300,1376,1.73941253166,0.463183293813
0.05,1300,1378,1.44747188313,0.51557931813
0.05,1301,1312,1.9640880117,0.686918525883
0.05,1303,1137,2.68110810969,0.4377466752
0.05,1303,1284,2.25977770991,0.674871716178
0.05,1303,451,2.37082612864,0.405007593055
0.05,1303,463,2.78605606248,0.409340976931
0.05,1304,1301,1.72253838278,0.676519674431
0.05,1305,1283,1.66593988048,0.223943872837
0.05,1307,1260,2.69515120821,0.326174693092
0.05,1307,6,2.39000396286,0.410152883112
0.05,1309,1333,2.01330229086,0.428813858378
0.05,1309,1341,1.94664196,0.282750009392
0.05,1309,1386,2.26608662241,0.196640396115
0.05,1310,1240,2.00881584672,0.40354991496
0.05,1310,1362,1.29934413467,0.321499710123
0.05,1310,1389,1.71670751699,0.443159310427
0.05,1313,1281,2.34357611845,0.54632355243
0.05,1313,1361,2.21167824574,0.418549547248
0.05,1314,1249,2.3963927629,0.250509451165
0.05,1314,1257,1.65370302369,0.361912140806
0.05,1314,1273,1.60689740829,0.423460592838
0.05,1314,1335,1.92321176185,0.461503796508
0.05,1315,1401,3.63723309586,0.768411691802
0.05,131,107,1.78171958956,0.458621612351
0.05,131,14,1.12380643469,0.263622275466
0.05,131,465,2.72312615262,0.45349446983
0.05,1321,1275,2.73611568268,0.465758024224
0.05,1321,1323,2.5117693653,0.244191148904
0.05,1321,1390,2.06630238106,0.416918212153
0.05,1321,1400,2.87579622893,0.56786705204
0.05,1322,1375,1.35319495234,0.248462943461
0.05,1323,1276,2.70356733646,0.459075562412
0.05,1323,1277,2.00544405347,0.475734074253
0.05,1323,1321,2.53796690953,0.442795103348
0.05,1323,1342,2.79994644887,0.135074960499
0.05,1325,1235,2.75210276669,0.55056492962
0.05,1325,1292,2.24942037217,0.447306655854
0.05,1325,1371,2.40209396437,0.23139631615
0.05,1326,1329,1.73894001293,0.670933809406
0.05,1326,1330,2.47017801171,0.377049171119
0.05,1326,1343,2.04872714639,0.531597071252
0.05,1326,1396,2.12725760707,0.482917343775
0.05,1327,1358,1.30530670248,0.273512310663
0.05,1328,1300,2.94724570217,0.408532538986
0.05,1328,1377,1.6482812438,0.262426645067
0.05,1328,1384,2.39747998636,0.385554891529
0.05,1329,1326,1.61448193044,0.740912304407
0.05,1329,250,1.89916019263,0.365179152332
0.05,132,86,2.44424372207,0.697294859098
0.05,1330,1264,2.47825538656,0.307192519719
0.05,1330,1326,2.51778155021,0.41740974192
0.05,1330,1345,1.54055463998,0.416518340542
0.05,1330,1389,2.08003051846,0.420273964999
0.05,1332,1278,2.28818888099,0.482734708206
0.05,1332,1298,2.69316511415,0.380843167645
0.05,1332,1361,2.67758115252,0.33683135877
0.05,1333,1282,2.74850209195,0.446936645624
0.05,1333,1295,2.70910020658,0.74643544568
0.05,1333,1309,2.02479524257,0.545781940829
0.05,1333,1396,1.6886990864,0.590752215292
0.05,1334,1257,1.92840298431,0.413115193858
0.05,1334,1279,1.95008905296,0.443288360429
0.05,1334,1335,1.76732185403,0.364848650801
0.05,1334,1381,2.44104039293,0.430969176425
0.05,1335,1269,2.61757989453,0.418058936035
0.05,1335,1294,2.23685647784,0.36087438371
0.05,1335,1314,1.98333142165,0.415775713171
0.05,1335,1334,1.87920290888,0.336007938861
0.05,1336,1268,1.28563382838,0.585766140832
0.05,1336,1384,1.97336310899,0.580025023036
0.05,1337,1327,2.21977087297,0.293831768383
0.05,1340,1244,1.99201285612,0.324985444287
0.05,1340,1276,2.89342418061,0.238327377848
0.05,1340,1364,2.16238753155,0.163379046364
0.05,1341,1309,2.05841371773,0.298962154899
0.05,1341,1369,2.64531964044,0.369617805253
0.05,1342,1323,2.88027512186,0.24933255519
0.05,1343,1239,2.1395690512,0.490489444916
0.05,1343,1326,1.81285084568,0.411298938355
0.05,1344,1240,1.60489993186,0.377997050752
0.05,1344,1264,2.03724373133,0.367314104569
0.05,1344,1268,1.77679301927,0.543399177626
0.05,1345,1329,2.47245321456,0.320199381587
0.05,1345,1330,1.78278181334,0.520612591537
0.05,1345,1402,2.50605093375,0.355416004763
0.05,1345,99,2.04766748807,0.497681674462
0.05,1346,1249,1.734643381,0.328604760447
0.05,1346,1251,1.4052093329,0.267505601684
0.05,1346,1255,1.71949177427,0.205175794986
0.05,1347,1354,1.63799864802,0.469727807763
0.05,1347,1367,2.52953919227,0.460227292666
0.05,1347,1394,2.51597569719,0.742627001443
0.05,1348,1245,2.76789939109,0.340206023513
0.05,1348,1285,1.89908635164,0.572365812137
0.05,1349,1290,2.3363402626,0.363570811455
0.05,1349,1400,2.02670416273,0.318128171157
0.05,1351,1270,1.65677529113,0.336887516228
0.05,1351,1297,1.8174340524,0.363245889536
0.05,1352,1304,1.83871846328,0.377929839626
0.05,1353,1297,2.71417137376,0.356799718311
0.05,1353,1361,2.69680457324,0.319589477451
0.05,1353,1394,2.39768434302,0.250925507904
0.05,1354,1294,2.3719343531,0.522955669961
0.05,1354,1347,1.84818330986,0.475962385486
0.05,1355,1257,1.63086154795,0.452104281128
0.05,1355,1273,1.71978506796,0.507496016046
0.05,1357,1254,2.25602943647,0.564900291865
0.05,1357,1287,2.62416313546,0.571106511352
0.05,1357,1368,2.48992066596,0.380454677387
0.05,1357,1374,1.95275034248,0.420546662887
0.05,1358,243,2.62724690589,0.256721891049
0.05,1360,1291,1.49400729129,0.369759249454
0.05,1360,1394,1.27015290459,0.504783090256
0.05,1361,1266,2.13823378344,0.358917030613
0.05,1361,1332,2.52456143885,0.409978829614
0.05,1361,1353,2.85052110839,0.264707006507
0.05,1362,1282,1.72985960916,0.433960010145
0.05,1362,1310,1.50112112903,0.426614245181
0.05,1364,1340,2.37354753037,0.478378854218
0.05,1365,1245,1.48542166937,0.172728201156
0.05,1365,1398,1.58220557312,0.181403089525
0.05,1367,1234,2.02624273832,0.38566661607
0.05,1367,1279,2.54830372308,0.41534248645
0.05,1367,1286,2.64005250535,0.48406254813
0.05,1367,1347,2.53601380362,0.424755757755
0.05,1368,1357,2.37597960173,0.337721023607
0.05,1369,1290,2.05405732441,0.381357161367
0.05,1369,1341,2.58526363998,0.212473691334
0.05,1371,1250,2.3857403212,0.591949260318
0.05,1371,1261,2.56673187684,0.854139225957
0.05,1371,1325,2.45468017269,0.418898470976
0.05,1372,1246,1.90103199826,0.442169780049
0.05,1372,1290,2.2218933857,0.199126285721
0.05,1372,1390,2.14702636524,0.510049539077
0.05,1373,1234,2.08166090054,0.362792407555
0.05,1373,1292,2.76487368881,0.378478973624
0.05,1373,1378,3.10358410366,0.254992322375
0.05,1374,1337,1.11324066959,0.36554447748
0.05,1374,1357,2.27513417773,0.249372030486
0.05,1375,1272,1.3440361847,0.433198546398
0.05,1375,1322,1.72233636156,0.498241102246
0.05,1376,1300,1.80975520198,0.680119547182
0.05,1376,1378,1.63367763102,0.491809859575
0.05,1377,1240,2.06950217818,0.327904960935
0.05,1377,1328,1.92282400213,0.420118117006
0.05,1377,1395,2.27392609117,0.363905402371
0.05,1378,1300,1.48888552648,0.450553098425
0.05,1378,1373,3.12748792049,0.483337873176
0.05,1378,1376,1.97828608983,0.313279488501
0.05,1378,1381,2.15838988542,0.379295037648
0.05,1379,1253,1.10090979939,0.376002887743
0.05,1381,1279,2.3016815422,0.414850900054
0.05,1381,1334,2.14754190141,0.348248098283
0.05,1381,1378,2.40018983545,0.610274947147
0.05,1382,1264,2.36830972949,0.590936407573
0.05,1382,1284,1.82994268161,0.51811938804
0.05,1382,1384,2.22231738917,0.453316744277
0.05,1382,871,2.7009235885,0.384035929398
0.05,1383,1254,2.24452158462,0.495474748347
0.05,1384,1328,2.36658709485,0.370626153848
0.05,1384,1336,1.57354596089,0.446708116047
0.05,1384,1382,2.30328268921,0.416703105174
0.05,1385,1239,2.48223456228,0.226887419423
0.05,1386,1237,1.91132987199,0.419569703453
0.05,1386,1249,2.86540645285,0.586755099842
0.05,1386,1295,1.8049917372,0.464942480205
0.05,1387,1254,1.31164600881,0.370363176071
0.05,1387,1375,2.30711096764,0.444038179685
0.05,1388,1268,0.611181482596,0.349944756179
0.05,1389,1282,1.79364078338,0.508680644511
0.05,1389,1310,1.9021137303,0.589493962396
0.05,1389,1330,1.98198296906,0.399689860187
0.05,1389,1396,2.55423923969,0.376068695745
0.05,1390,1321,2.06827045588,0.495151648247
0.05,1390,1372,2.10270984312,0.417598478849
0.05,1394,1265,2.40480106301,0.435303382798
0.05,1394,1347,2.21201530904,0.349136213608
0.05,1394,1353,2.47316818217,0.299055251537
0.05,1394,1360,1.19337321669,0.488109914948
0.05,1395,1282,2.26175181721,0.461816541257
0.05,1395,1295,2.44367795104,0.489178326427
0.05,1395,1377,2.38839310643,0.449635213309
0.05,1396,1326,2.28585758614,0.433522693357
0.05,1396,1333,1.8059978477,0.58024590079
0.05,1396,1389,2.60189071493,0.416259331404
0.05,1398,1263,1.53622019167,0.362562377355
0.05,1398,1265,3.14571409852,0.190315167682
0.05,1398,1342,2.74707866425,0.21574572862
0.05,1398,1365,1.62652894771,0.140351525611
0.05,1399,1379,2.06529426805,0.372651573765
0.05,1400,1260,2.81770116901,0.326903153898
0.05,1400,1349,2.22516716059,0.601283531209
0.05,1401,1247,2.91833011095,0.454946255917
0.05,1401,1288,3.15269915542,0.417351501259
0.05,1401,1298,2.77436759028,0.616101657437
0.05,1401,1315,3.22396180003,0.37027177271
0.05,1402,1264,1.56893041399,0.408963714213
0.05,1402,1284,2.29141509799,0.417420338683
0.05,1402,1345,2.40004783933,0.516862248515
0.05,1402,451,2.08958404235,0.48137889612
0.05,140,263,2.87807551328,0.984845338383
0.05,140,273,3.30034961557,1.41255559903
0.05,140,431,2.07905578468,0.783744810387
0.05,141,195,1.6553160552,0.650272888058
0.05,141,349,0.62467621366,0.324591180833
0.05,143,225,2.11356197006,0.379178181955
0.05,143,291,1.65404035266,0.369892140865
0.05,143,39,1.83017965372,0.366469817174
0.05,148,222,2.47481252664,0.650224924684
0.05,148,226,2.58697238041,0.689407257829
0.05,148,251,2.08447668881,0.344806089278
0.05,149,115,1.90493194548,0.492639768184
0.05,149,329,1.94985326309,0.781846850235
0.05,149,359,1.59565630934,0.51233195663
0.05,149,388,1.99850531219,0.389875476894
0.05,14,131,1.47550127103,0.472654700846
0.05,157,105,2.0184796817,0.432664629845
0.05,157,66,2.80560836714,0.29385631721
0.05,157,91,2.14679315278,0.465860790411
0.05,158,398,2.75518649695,0.28890698273
0.05,158,75,2.92319082752,0.314583817164
0.05,160,195,3.05133746275,0.207896771899
0.05,160,348,2.52174147181,0.333797431863
0.05,162,205,1.23428857399,0.539657209924
0.05,162,356,2.62130974209,0.284590414
0.05,163,353,2.64416043759,0.521443836248
0.05,163,50,2.28466858407,0.700609728202
0.05,163,63,2.76827728032,0.617896911288
0.05,171,311,1.26716995403,0.397412326978
0.05,171,34,1.92577296452,0.379072708429
0.05,171,79,1.84452480855,0.537407270366
0.05,172,128,2.4707949729,0.309340150419
0.05,172,235,2.2394072933,0.427863434352
0.05,172,350,2.85273126904,0.189325245189
0.05,172,99,2.91156159586,0.368756617805
0.05,177,238,2.2470563155,0.211702931537
0.05,177,66,1.67223971776,0.295865269334
0.05,182,413,2.51354883045,0.743232559067
0.05,182,58,3.19928189237,0.950691097561
0.05,186,376,2.66126580044,0.29127190938
0.05,189,227,1.34255610129,0.540669265522
0.05,189,40,2.15562390792,0.456003454922
0.05,190,1,0.814173254912,0.494921932735
0.05,190,200,0.283741376735,0.789487118575
0.05,190,219,2.8321222774,0.652238991528
0.05,192,197,2.03297653754,0.69665020751
0.05,192,404,3.14797034551,0.0993133309642
0.05,195,141,1.33390244795,0.270119266997
0.05,195,160,3.17078566395,0.241415989593
0.05,195,323,2.43956998735,0.270511940667
0.05,196,220,2.18813798302,0.310053014791
0.05,196,328,1.4843038504,0.46129222762
0.05,196,461,2.27830360588,0.381976823997
0.05,197,192,1.90295922219,0.582654002394
0.05,197,257,2.49128825103,0.216126810534
0.05,1,190,1.26903935383,1.05572062906
0.05,1,333,2.6335232785,0.275887716328
0.05,1,371,2.44471207465,0.399968740313
0.05,1,392,2.76112134537,0.335078888225
0.05,200,190,0.205466789537,0.62178056585
0.05,200,323,2.63912067372,1.00020965675
0.05,200,35,2.96115977998,1.1157879232
0.05,203,393,1.77155864591,0.994450219255
0.05,203,414,1.08173763232,0.845736512782
0.05,203,431,2.13161692096,0.506264152529
0.05,204,403,2.46865781417,0.911465510245
0.05,205,162,1.34579780143,0.375681844263
0.05,205,66,2.43504916402,0.626000096341
0.05,206,160,3.97186527846,0.542401818588
0.05,206,79,1.9110066753,0.532750947672
0.05,209,219,1.96255359689,0.503693725497
0.05,209,69,2.16101960786,0.32856736051
0.05,216,258,2.49800213561,0.276286806832
0.05,216,367,2.66282302457,0.632817996884
0.05,216,8,2.84562150894,0.351996476077
0.05,219,117,2.05411483071,0.318746527155
0.05,219,190,2.99004564595,0.840378120751
0.05,219,209,1.91570806114,0.654784754031
0.05,220,196,2.32452814167,0.510808628117
0.05,220,359,1.87159456687,0.377588798871
0.05,222,148,2.49260396473,0.612964534475
0.05,222,465,2.76104622268,0.646137849024
0.05,223,249,1.39973372491,0.407933819294
0.05,223,85,1.30406348913,0.343968724251
0.05,225,143,2.23632631125,0.552778355979
0.05,225,46,1.57412752291,0.466753624686
0.05,225,76,2.18792861697,0.663947591166
0.05,226,148,2.28400096171,0.458872281167
0.05,226,308,1.90584197302,0.411225464611
0.05,226,312,1.3556271482,0.337093676634
0.05,227,189,1.35293019507,0.631107148198
0.05,227,329,1.9711598097,0.62516132671
0.05,227,388,1.80532228258,0.621286698562
0.05,231,101,3.33465702731,0.395677938281
0.05,231,306,2.49721043216,0.566824947064
0.05,231,37,3.08854627408,0.32130791221
0.05,231,5,1.94662596979,0.528171450191
0.05,233,1158,2.03847329515,0.322311396993
0.05,233,1222,1.8108075407,0.459859443878
0.05,233,324,2.40640184255,0.657843079257
0.05,235,172,2.49329747302,0.623792746716
0.05,235,340,2.91231560095,0.50518996158
0.05,235,406,2.90830935156,0.307324347685
0.05,238,123,1.70655001235,0.284674146668
0.05,238,177,2.32389506876,0.301979218654
0.05,240,115,1.57848379858,0.477368618495
0.05,240,329,2.00891912795,0.430934140994
0.05,240,95,1.25287885726,0.56042560156
0.05,243,1358,2.48395112662,0.17270212479
0.05,243,341,2.87141580757,0.910594416292
0.05,243,8,2.25548914346,0.484346417074
0.05,249,105,2.4771582022,0.238370324478
0.05,249,223,1.20308411424,0.353648094099
0.05,249,444,1.60144880879,0.401345471067
0.05,250,1329,1.93156540331,0.453679959966
0.05,250,99,2.66006273496,0.479333430466
0.05,251,148,2.17672483974,0.362662675611
0.05,251,308,2.10880538932,0.406910454178
0.05,251,403,2.14672294843,0.429847252562
0.05,257,123,2.20997810573,0.362733464956
0.05,257,197,2.51504586947,0.321389224666
0.05,258,186,2.55452139483,0.439135922249
0.05,258,216,2.52333943948,0.428595545505
0.05,25,1137,2.77954716858,0.357393912668
0.05,25,37,2.22364192139,0.364779943894
0.05,25,463,2.42372424502,0.344737556061
0.05,25,5,3.03892083872,0.460220077287
0.05,263,1115,2.85528016686,0.864964621324
0.05,263,140,2.14179454167,0.462429181159
0.05,263,179,1.9232438807,0.510250494131
0.05,263,393,2.34778159374,0.954288094824
0.05,268,128,2.64378451941,0.461186941249
0.05,268,451,1.65589935256,0.484896128596
0.05,26,336,2.03766098964,0.519662350229
0.05,26,5,1.83859108745,0.719102388205
0.05,270,392,1.14333811992,1.06126403299
0.05,270,433,1.67121483698,0.345143500138
0.05,271,1072,2.13019077448,0.385210490275
0.05,271,336,1.14231798263,0.458304932101
0.05,27,107,3.01382347844,0.272283502053
0.05,27,312,1.90459603739,0.341946073094
0.05,27,423,1.90762453105,0.40230563798
0.05,285,114,1.60627814473,0.570899475846
0.05,288,448,1.54208739215,0.653137431355
0.05,288,461,1.59645813545,0.59116629144
0.05,288,46,1.6255963841,0.742083123289
0.05,288,461,1.62949273658,0.570354068877
0.05,291,143,1.64976889023,0.287387329425
0.05,291,85,1.77909996343,0.267544175256
0.05,294,350,2.71717011917,0.25449696697
0.05,294,398,2.67516093775,0.428483083677
0.05,294,49,3.26357821538,0.858415400962
0.05,296,50,2.68267653366,0.249307582611
0.05,306,231,2.57683707416,0.362726036426
0.05,307,101,2.39238991531,0.657341778575
0.05,307,12,1.9918688693,0.503919167256
0.05,307,121,2.07131723995,0.570706069965
0.05,307,121,2.08568600112,0.575063444588
0.05,308,161,1.81112255431,0.326312999679
0.05,308,226,1.8815275744,0.357750572758
0.05,308,251,2.28815300167,0.424481051331
0.05,308,442,1.42510594166,0.36293122671
0.05,311,171,1.55250673155,0.401770341601
0.05,311,444,0.743363303339,0.352068846328
0.05,311,89,1.89315473064,0.346507224183
0.05,312,226,1.30701431902,0.369191484442
0.05,312,27,1.88181203093,0.440367683166
0.05,312,442,2.04265846499,0.32683214231
0.05,312,465,2.23987982027,0.410932486323
0.05,322,114,1.68889111628,0.323188454524
0.05,322,362,1.45053983706,0.427907482407
0.05,322,87,2.27674484191,0.305309042373
0.05,323,195,3.20999881306,1.15327922527
0.05,323,200,2.44116821366,0.468414970575
0.05,323,371,1.98194078784,0.329236037325
0.05,324,12,1.98667700174,0.474850909753
0.05,324,1209,2.12515583817,0.809902733964
0.05,324,1209,2.06680908538,0.659803861898
0.05,324,233,2.22370785105,0.413932198097
0.05,328,196,1.45002594672,0.489699371859
0.05,328,62,1.84024847793,0.41612362655
0.05,329,149,2.03323001164,0.627331247522
0.05,329,227,2.04176081413,0.61658372988
0.05,329,240,2.03072268276,0.548705525043
0.05,333,1,2.46118506132,0.102738784799
0.05,333,117,1.37468503847,0.593886324434
0.05,333,117,1.4170751488,0.602958659896
0.05,334,417,2.36609284199,0.852339710409
0.05,334,63,1.37029092605,0.332213574053
0.05,336,26,2.11039931228,0.514318882391
0.05,336,271,1.10575533232,0.592619743959
0.05,336,5,1.76247140867,0.516343409403
0.05,340,235,2.85654296126,0.402197267313
0.05,340,350,2.08158689582,0.207126030767
0.05,340,398,2.91108835389,0.319258901296
0.05,346,216,2.60124283946,0.535865355488
0.05,347,1293,2.82980963635,0.437265290682
0.05,347,355,2.11595280682,0.443973976819
0.05,348,160,2.52167365857,0.478838578736
0.05,348,40,2.005202192,0.390756294025
0.05,348,423,1.98463937607,0.453237299966
0.05,349,141,1.18886520108,0.988438348618
0.05,34,105,2.01063868412,0.412693121724
0.05,34,171,1.87065812891,0.409791614412
0.05,34,91,1.83743993296,0.493083750659
0.05,350,172,2.77389383787,0.276684204968
0.05,350,340,2.24804903597,0.279149004934
0.05,355,347,2.37966154373,0.507196599663
0.05,355,367,2.38153480771,0.345212292192
0.05,355,8,2.40109623303,0.230994670258
0.05,356,162,2.47109224659,0.322759686472
0.05,356,79,2.79384278474,0.238693311026
0.05,356,91,1.85078304208,0.353765972557
0.05,359,149,1.55918081319,0.443621440818
0.05,359,220,2.21265093255,0.708740153487
0.05,359,400,1.96259862355,0.485314800928
0.05,359,461,2.39079090302,0.309404727383
0.05,35,200,2.40854180193,0.32433211751
0.05,362,435,2.55931833685,0.29158576572
0.05,367,216,2.59362642913,0.344362059868
0.05,367,355,2.4915982432,0.4168677314
0.05,371,1158,1.86038601714,0.661073271736
0.05,371,1,2.42329124298,0.388244840654
0.05,371,1158,1.92127846113,0.863413862296
0.05,371,323,2.1806278258,0.532861395767
0.05,371,414,2.53507859898,0.367322479273
0.05,372,433,2.18493355741,0.161905125739
0.05,372,97,-0.0582198112154,0.210397947031
0.05,376,186,2.57759090226,0.279875674789
0.05,376,75,2.50316383508,0.252801866498
0.05,37,231,3.07640731124,0.457944843135
0.05,37,25,2.30681972417,0.450370314763
0.05,37,406,2.45032043208,0.254685436787
0.05,388,149,2.05118494795,0.505652968633
0.05,388,227,1.88297685941,0.818795622058
0.05,388,400,1.86074408499,0.733062709883
0.05,392,1,3.81570482086,1.18533220879
0.05,392,270,0.60944661529,0.68791395907
0.05,392,431,2.85345655998,1.08047269364
0.05,393,203,1.61664426067,0.854989181822
0.05,393,263,2.26241340497,0.551427720274
0.05,393,414,0.892641750222,0.811413595754
0.05,398,158,2.82563590727,0.244690655841
0.05,398,294,2.40384509214,0.39802501974
0.05,398,340,2.82034338369,0.271235073203
0.05,39,120,1.99463943137,0.447005252858
0.05,39,143,1.69597781443,0.386072459592
0.05,39,76,1.812243709,0.315524914626
0.05,39,85,1.60238884197,0.47901782246
0.05,400,359,2.02657856141,0.399518024196
0.05,400,388,1.80860468116,0.562871990705
0.05,400,40,1.17073068425,0.541254420836
0.05,403,204,1.97662365969,0.213356954093
0.05,404,192,3.71676145619,0.373502030553
0.05,404,63,3.41168420669,0.426190740897
0.05,406,235,3.09779434352,0.293961803055
0.05,406,37,2.510302612,0.364270935855
0.05,406,463,2.42526730558,0.627941188781
0.05,40,189,2.29174255939,0.552420091622
0.05,40,348,1.90924797541,0.364462989056
0.05,40,400,1.22219977425,0.410169440321
0.05,413,182,2.73238188817,1.06134722604
0.05,413,97,3.19188402098,0.751622515018
0.05,414,203,1.01023769916,0.599090207965
0.05,414,371,2.72663938554,0.743405707676
0.05,414,393,0.920363726569,0.7295914749
0.05,414,929,1.904167848,0.578628511592
0.05,417,334,2.16539028409,0.398036029567
0.05,417,50,3.29301901904,0.917716060995
0.05,423,27,1.86806124149,0.35913443604
0.05,423,348,2.00859850599,0.413777651012
0.05,423,87,2.50896064001,0.399201616729
0.05,431,140,1.97355390247,0.515046842529
0.05,431,203,2.22357148365,0.77031923196
0.05,431,392,2.1374362981,0.393608653077
0.05,433,270,2.57378816656,1.15737492002
0.05,433,372,2.54375654968,1.09655823616
0.05,435,87,1.27991832962,0.392212145159
0.05,436,123,1.91579416784,0.480644316221
0.05,442,136,2.15544933322,0.302144326175
0.05,442,312,1.85263244804,0.440477487937
0.05,444,249,1.32037840422,0.419598777066
0.05,444,311,1.11344901308,0.353992079263
0.05,444,456,1.96713468314,0.40610623452
0.05,448,115,1.57206963185,0.747338355824
0.05,448,288,1.46652288747,0.586309996689
0.05,448,95,1.74163386415,0.620927473709
0.05,451,1303,2.38784801001,0.459982243809
0.05,451,1402,2.0751269056,0.424831200103
0.05,451,268,1.61715927251,0.44902521398
0.05,451,99,2.58039748915,0.361556540132
0.05,456,444,2.14934897544,0.45236693444
0.05,456,85,1.40390795364,0.542126699802
0.05,456,89,0.76797079677,0.436778795824
0.05,461,196,2.59467329992,0.37624783073
0.05,461,288,1.34322354497,0.447848162798
0.05,461,359,2.44408619664,0.373800864072
0.05,461,76,1.41216123827,0.461008748442
0.05,463,128,2.40217789327,0.438317522674
0.05,463,1303,2.93167383272,0.438837416873
0.05,463,25,2.40683940003,0.329653011264
0.05,463,406,2.31420138361,0.451842733904
0.05,465,131,2.81272450823,0.440770545905
0.05,465,222,2.67377068436,0.608778140385
0.05,465,312,2.21027450393,0.410755141718
0.05,46,107,2.23300303385,0.58864022851
0.05,46,225,1.62110998705,0.617890700361
0.05,46,288,1.7794568969,0.745881568054
0.05,46,95,1.55442062858,0.561970624078
0.05,47,285,1.55280676757,0.24300811588
0.05,49,158,2.30431038225,0.347633795021
0.05,50,163,1.97237275922,0.772993447592
0.05,50,296,2.79236841681,0.473246498256
0.05,50,417,2.69071717011,0.258365464459
0.05,58,182,3.15173905953,0.867859034969
0.05,58,86,3.20453986568,0.730117737119
0.05,5,231,1.93896675779,0.679461581279
0.05,5,25,3.0617871142,0.401714794783
0.05,5,26,1.630108113,0.584495223438
0.05,5,336,1.8444794316,0.649308075513
0.05,62,120,1.90827788728,0.434153597014
0.05,62,328,1.80569129405,0.404348110898
0.05,62,79,2.68665423025,0.432763207478
0.05,63,163,2.81479629342,0.400858459507
0.05,63,334,1.32873440493,0.584646095023
0.05,66,157,2.98002836598,0.373931178202
0.05,66,177,1.71070994779,0.300807146001
0.05,66,205,1.83727491491,0.325687499797
0.05,69,114,1.64858738229,0.525031292718
0.05,69,209,2.38769333925,0.355706062095
0.05,6,1307,1.98863109065,0.274160921988
0.05,6,355,2.98892581059,0.332021898617
0.05,75,158,2.86797716146,0.180384445579
0.05,75,376,2.54056946702,0.378969519273
0.05,763,1159,-1.73452565405,0.188451941703
0.05,763,793,2.30435087217,0.112190390131
0.05,76,225,2.05913605607,0.47386293865
0.05,76,328,2.59348655977,0.453362438591
0.05,76,39,1.95979347587,0.446430958179
0.05,76,461,1.23071521477,0.383578956442
0.05,772,1028,1.66712898778,0.401138340052
0.05,772,1203,1.06777356547,0.468070976987
0.05,772,819,1.67186404286,0.439518724315
0.05,774,895,1.81345407537,0.529957998893
0.05,774,970,2.00824529556,0.389394074538
0.05,774,986,2.24385848017,0.423947504706
0.05,777,1185,2.16010124974,0.465487385107
0.05,777,903,1.92540845836,0.436528496165
0.05,777,988,2.13852933136,0.469294021314
0.05,778,1044,1.86686132723,0.569933597083
0.05,778,833,2.37539978874,0.424127489352
0.05,778,963,2.4161581894,0.590262645947
0.05,790,1203,1.96750473175,0.515259446933
0.05,790,819,1.14399875607,0.461175842407
0.05,790,860,0.920742446827,0.4727034869
0.05,791,1107,1.89462194223,0.670127417163
0.05,791,834,2.03669155072,0.602665664676
0.05,791,852,2.03674371689,0.558689905241
0.05,791,936,1.71039170368,0.434780759188
0.05,792,1013,2.10919018129,0.413470293491
0.05,792,1162,2.0560038076,0.407622470935
0.05,792,1186,2.07365222831,0.282317477836
0.05,792,814,1.98087279489,0.470479071468
0.05,793,763,2.74175929881,0.717715064528
0.05,793,926,1.31787706791,0.615525893704
0.05,796,1032,2.17490974011,0.423446928332
0.05,796,1082,1.18035879391,0.645722468434
0.05,796,937,1.37042717627,0.808017436961
0.05,796,988,0.16554921578,0.750673960742
0.05,799,1207,0.901290900909,0.486625190975
0.05,799,1215,1.4516664407,0.358103190248
0.05,799,844,1.97892004251,0.353581546815
0.05,799,921,1.27436217279,0.548627667455
0.05,79,171,1.58328641229,0.422355606638
0.05,79,206,1.94981342491,0.539431882977
0.05,79,356,2.76199767632,0.323940156867
0.05,79,62,2.66990220106,0.434795151115
0.05,804,1122,2.92227840813,0.302630317627
0.05,804,888,2.15293978575,0.445656046204
0.05,804,982,1.12781585114,0.346951174284
0.05,806,1020,1.41466619842,0.540156447394
0.05,806,1207,1.37835798563,0.652665450236
0.05,806,921,1.04818801096,0.492458541451
0.05,806,959,1.76356078469,0.619091917018
0.05,809,1114,2.68232870877,0.959573207095
0.05,809,1157,2.86123837478,0.773565099238
0.05,809,900,3.51059125638,1.2304488245
0.05,813,921,1.3913332878,0.427795158504
0.05,813,955,0.28510993827,0.469045018445
0.05,814,1007,2.00149116336,0.386688550076
0.05,814,792,2.02246105208,0.451875738071
0.05,814,991,2.41142799782,0.394168403548
0.05,814,994,1.97762028642,0.42598376548
0.05,817,873,1.86369796665,0.69812437752
0.05,817,909,1.86719409389,0.418140317066
0.05,818,1203,1.81633813234,0.38579072928
0.05,818,1207,1.82486943101,0.598336411171
0.05,818,1215,0.893682598088,0.564379539973
0.05,819,1233,1.81818890122,0.452528926368
0.05,819,772,1.59536940996,0.374913816359
0.05,819,790,1.27822584019,0.473586536251
0.05,820,1233,1.70401624694,0.41509247292
0.05,820,887,2.97797195682,0.326735272668
0.05,820,970,1.77585541215,0.684024280882
0.05,821,1141,2.00527305003,0.634313280012
0.05,821,822,1.98116967804,0.276066842424
0.05,821,960,1.67685532422,0.485132064926
0.05,821,999,1.93073474382,0.575818858811
0.05,822,1164,2.61990213725,1.16422103489
0.05,822,1182,1.68805589223,0.559006093007
0.05,824,1031,3.56161880539,1.28452318875
0.05,827,1010,1.8652213054,0.510235190134
0.05,827,1041,2.52230341564,0.328838706845
0.05,827,909,2.22660948634,0.453926982573
0.05,828,910,0.551692554163,0.312901112542
0.05,830,1192,2.85625494322,0.607872893257
0.05,830,906,2.88105872247,0.47911867233
0.05,830,942,2.50256934618,0.702970395327
0.05,833,1128,1.78018589523,0.473175478336
0.05,833,778,2.52311190183,0.343685464854
0.05,833,852,2.06348446442,0.456246990729
0.05,833,974,2.18754676054,0.325135040039
0.05,834,1068,0.961440728215,0.52120943302
0.05,834,791,2.22522877472,0.455339814355
0.05,838,1032,1.56282364365,0.411998285637
0.05,838,1082,2.38405585855,0.670676578914
0.05,838,1154,2.29367704027,0.471395738774
0.05,838,936,2.61109689576,0.360115555939
0.05,842,1027,0.979432628789,0.723095097463
0.05,842,1115,2.50286196208,0.653115504763
0.05,842,929,1.18555407322,0.711593772737
0.05,843,932,2.41846626552,0.415360503118
0.05,843,993,1.92530212034,0.679899479693
0.05,843,999,2.39812921576,0.637838576961
0.05,844,1045,1.28227842173,0.451403909175
0.05,844,1111,1.2947448675,0.387363807987
0.05,844,799,1.5030418388,0.502979593449
0.05,844,955,1.01762289329,0.391424517295
0.05,847,1041,2.54100409361,0.412309270752
0.05,847,1160,2.21733004444,0.844262905696
0.05,852,1107,2.13636645087,0.683863358994
0.05,852,791,1.91590905454,0.556960482596
0.05,852,833,2.18344279578,0.584853540131
0.05,852,883,2.0344799372,0.46878231792
0.05,85,223,1.44727028316,0.392550890186
0.05,85,291,1.55564457301,0.165626813152
0.05,85,39,1.43942676398,0.3487620577
0.05,85,456,1.62547313033,0.512554474617
0.05,860,1030,1.59630744474,0.384043751343
0.05,860,1069,1.51944051756,0.418332700633
0.05,860,790,0.86200497625,0.49980526672
0.05,867,1191,1.95567377753,0.433515775121
0.05,867,874,2.34927248065,0.38095100682
0.05,867,920,1.95229045101,0.378833561323
0.05,869,1045,2.29540032204,0.582688295125
0.05,869,1046,1.28203227448,0.463392807697
0.05,869,986,1.79494220819,0.367845078817
0.05,86,132,2.81874080529,1.0563895872
0.05,86,58,3.10119994824,0.70062508015
0.05,871,1137,2.35586884575,0.505471364642
0.05,871,1284,2.70107324829,0.506693949071
0.05,871,1382,2.71813847836,0.383096764883
0.05,873,1154,2.48189659422,0.502955442321
0.05,873,817,1.65438838995,0.635288340263
0.05,873,936,1.13315689161,0.522354171598
0.05,874,867,2.27218856522,0.431755697248
0.05,874,991,1.72212548669,0.533181039171
0.05,87,322,2.45272202921,0.304435159884
0.05,87,423,2.44540791909,0.333835020052
0.05,883,1068,0.988212276997,0.463201811106
0.05,883,1128,2.12337180828,0.313444393187
0.05,883,852,2.13733970665,0.514033868927
0.05,886,1222,2.27150658462,0.396611705907
0.05,886,1233,1.46611998139,0.500904062935
0.05,887,1027,2.70750767861,0.369249337552
0.05,887,1189,1.49673546984,0.643751719333
0.05,887,820,3.31706441407,0.925259618276
0.05,887,989,2.55332407304,0.41008909897
0.05,888,1213,2.08602080488,0.459925609594
0.05,888,804,2.21948658547,0.361765777758
0.05,888,923,2.05708305478,0.577313653035
0.05,894,942,2.19889073103,0.715924000119
0.05,895,1016,2.04908921787,0.45542911012
0.05,895,1229,1.80932749869,0.533130437529
0.05,895,774,1.81073472696,0.414434848248
0.05,895,973,2.30139276338,0.417198329511
0.05,89,120,1.36074114031,0.448704717185
0.05,89,311,2.13868671644,0.397143355162
0.05,89,456,0.842355757345,0.51006880221
0.05,8,216,2.47995415213,0.391820909754
0.05,8,243,2.27713646779,0.4278291701
0.05,900,1082,2.3043898494,0.602545358837
0.05,900,1101,2.90271285216,0.505039951823
0.05,900,809,2.38232209953,0.483113618021
0.05,900,967,1.46282836011,0.518533266027
0.05,901,1157,1.95106326779,0.522394180678
0.05,901,1232,2.59348139507,0.827302325613
0.05,901,937,2.76588657151,0.701431262472
0.05,903,1032,2.34418805668,0.468345772458
0.05,903,1128,1.71093990062,0.393615912989
0.05,903,777,1.96087899842,0.485944753193
0.05,906,1113,1.98390485908,0.290073925991
0.05,906,830,2.6926069953,0.288798040645
0.05,908,894,1.84407341334,0.428480671021
0.05,909,1139,2.31594889247,0.497694478544
0.05,909,817,1.89124736784,0.372937247705
0.05,909,827,2.11179084894,0.529556534437
0.05,915,1170,2.15624985095,0.521361327205
0.05,915,121,1.79198205243,0.421502871932
0.05,918,1141,2.11589188666,0.622494014428
0.05,918,993,1.90508595448,0.358392523062
0.05,918,999,2.48072462981,1.19712595028
0.05,91,157,2.0751768543,0.587594700347
0.05,91,34,1.8201913788,0.331992036012
0.05,920,1016,2.34508885222,0.564166025047
0.05,920,867,2.07650042683,0.373971269954
0.05,920,973,1.94544338259,0.23613632699
0.05,921,799,1.2317938653,0.418790937837
0.05,921,806,1.02412624288,0.618587861077
0.05,921,813,1.4485267666,0.470927169893
0.05,921,927,1.43141486464,0.365433804301
0.05,923,101,2.77601359531,0.57584526101
0.05,923,1066,2.13927987935,0.474765393949
0.05,923,888,1.95267708035,0.438976266798
0.05,926,793,2.14848639056,1.09523059357
0.05,927,1125,0.824142918668,0.372402669064
0.05,927,1135,1.60788919964,0.39141144435
0.05,927,921,1.48458487792,0.465935939873
0.05,927,959,0.831907492812,0.369135756755
0.05,929,414,1.98764166588,0.603225583333
0.05,929,842,1.21953102075,0.642347588392
0.05,932,843,2.84545369729,0.834317987119
0.05,932,999,2.03630838813,0.514904057394
0.05,936,791,1.90562713316,0.456807312089
0.05,936,838,2.57683169669,0.362544210464
0.05,936,873,1.04443770796,0.534346639736
0.05,937,1061,2.83632819395,0.711604201488
0.05,937,796,1.44797490687,0.626461363466
0.05,937,901,2.67369144327,0.496424509389
0.05,937,988,0.907702268603,0.772469324246
0.05,942,1056,1.85187695857,0.709306852424
0.05,942,830,2.58009407071,0.752379471941
0.05,942,894,2.03171476301,0.241652034256
0.05,942,985,2.00940987766,0.606928873845
0.05,955,1135,1.50913352208,0.54293377543
0.05,955,813,0.244422074182,0.421924642634
0.05,955,844,1.01255899893,0.452868216984
0.05,959,1170,1.19599987805,0.484788458174
0.05,959,1213,1.56185767165,0.655853462182
0.05,959,806,1.71893316895,0.594619094941
0.05,959,927,0.83323789716,0.428905686701
0.05,95,240,1.24760281622,0.586414254345
0.05,95,448,2.10243421816,0.842472256737
0.05,95,46,1.39303448381,0.434794112318
0.05,960,1133,1.79849557442,0.693691924248
0.05,960,821,1.67114232392,0.201240022741
0.05,963,778,2.33295941949,0.517939076986
0.05,963,994,2.27591186316,0.375767755464
0.05,967,1127,1.48714267752,0.567049307516
0.05,967,1154,2.49889646329,0.607179255774
0.05,967,900,1.35018144055,0.468674295757
0.05,969,1177,3.38533299826,1.15618343395
0.05,970,1069,1.92737829502,0.479428223726
0.05,970,774,2.04924224371,0.464244859016
0.05,970,820,1.74723461724,0.416206521929
0.05,973,1191,2.18986489494,0.405519666828
0.05,973,895,2.17450513763,0.350619351777
0.05,973,920,1.81978356068,0.359326805942
0.05,974,1062,1.35395542364,0.500312764961
0.05,974,833,2.19451361863,0.387160105723
0.05,974,991,2.56742851754,0.335622632623
0.05,97,117,2.85094048844,0.420926840929
0.05,97,372,0.0130771273055,0.206985914468
0.05,97,413,2.85199073813,0.215416095988
0.05,982,1009,2.55892608677,0.382589535072
0.05,982,1135,2.28273974257,0.372819111933
0.05,982,804,1.20093116524,0.501971643226
0.05,985,1179,2.89702162679,1.23432907782
0.05,986,1218,2.08458101527,0.420274160621
0.05,986,774,2.14215142826,0.408324373713
0.05,986,869,1.8744814215,0.522098660427
0.05,987,1036,2.62726984777,0.549666552883
0.05,987,1073,2.40414408681,0.566659801811
0.05,987,1189,2.19477522354,0.387951930528
0.05,987,1229,2.96594179648,0.675808529535
0.05,988,1127,1.25973480013,0.615259157143
0.05,988,777,2.18610130422,0.53786553776
0.05,988,796,0.28534098093,0.862950770668
0.05,988,937,1.00908900414,0.819739243504
0.05,989,1036,3.00063785586,0.616734060637
0.05,989,1115,3.27824444343,0.362994452565
0.05,989,1230,1.98669370483,0.439315096462
0.05,989,887,3.32964203727,1.13088559018
0.05,991,814,2.47960391549,0.420705646307
0.05,991,874,1.49829546688,0.380910189437
0.05,991,974,2.65629424769,0.364031833934
0.05,993,1114,2.73187638858,0.403767308356
0.05,993,843,1.83053354024,0.494326299319
0.05,993,918,1.94430203761,0.403363444093
0.05,994,1162,2.14991597566,0.396702709057
0.05,994,814,2.09815638266,0.415640379063
0.05,994,963,2.19509675082,0.254925316903
0.05,997,1177,2.74305026064,0.979969786475
0.05,999,821,1.94722001802,0.51301042971
0.05,999,843,2.66458860574,1.07390950631
0.05,999,918,1.75141838423,0.462983855148
0.05,999,932,2.00531459416,0.49759933747
0.05,99,1345,2.19108892601,0.540209864512
0.05,99,172,2.84711510284,0.268365527299
0.05,99,250,2.52993219576,0.448410333895
0.05,99,451,2.51499730075,0.407778383567
